%YAML:1.0
h_cd: 6
s_cd: 14
v_cd: 210
h2_cd: 55
s2_cd: 87
v2_cd: 255
