%YAML:1.0
h_cd: 81
s_cd: 0
v_cd: 255
h2_cd: 161
s2_cd: 96
v2_cd: 255
