%YAML:1.0
h_cd: 20
s_cd: 30
v_cd: 250
h2_cd: 50
s2_cd: 66
v2_cd: 255
