%YAML:1.0
h_L: 10
s_L: 235
v_L: 66
h2_L: 25
s2_L: 255
v2_L: 255
