%YAML:1.0
h_L: 10
s_L: 70
v_L: 181
h2_L: 60
s2_L: 189
v2_L: 255
