%YAML:1.0
warpMatrix: !!opencv-matrix
   rows: 3
   cols: 3
   dt: d
   data: [ 1.1444061831665107e+00, 2.4071507669559189e+00,
       -2.4132058638829710e+02, -1.0031584290487239e+00,
       5.8477549994773419e+00, -4.2054180448670189e+02,
       -2.2456447508827611e-03, 1.1735989207565403e-02, 1. ]
