%YAML:1.0
h_N: 19
s_N: 132
v_N: 85
h2_N: 96
s2_N: 214
v2_N: 136
