%YAML:1.0
warpMatrix: !!opencv-matrix
   rows: 3
   cols: 3
   dt: d
   data: [ 5.0600172377695030e-01, 5.1274436395208567e-01,
       1.4615183137508180e+02, 6.2613890389608406e-02,
       1.2438920045657647e+00, 1.5701949773958765e+02,
       9.1919708581708701e-05, 1.9283109790820749e-03, 1. ]
