%YAML:1.0
warpMatrix: !!opencv-matrix
   rows: 3
   cols: 3
   dt: d
   data: [ 1.2983578972684149e+00, 1.6611953679153579e+00,
       -7.2328054918634109e+01, 1.9344522274461504e-01,
       2.9538420691757126e+00, -2.7301829229842764e+02,
       6.3474929227366392e-04, 5.1945468329171679e-03, 1. ]
